CIM1
1643.57233733117 0 606.512044451293
0 1652.90037644011 497.483919504098
0 0 1


DC1
-0.201566654991384 0.786049915357573 -0.000375433961195999 -0.000958978098270039 -4.20003423029268

CIM2
1650.83535311284 0 669.046741691981
0 1660.37011209152 447.975746922318
0 0 1

DC2
-0.166298959292983 -0.0885507675159691 -0.00215201306627393 0.000262454245296537 1.26866355457677

C2T
-.662187870365739	-.00543372074803377 .0139638940118955

C2R
0.999934701177094	0.00491365358517287 -0.0103174313818997
-0.00484652089297987 0.999966988934512 0.00652167742838525
0.0103491360561740 -0.00647124792377157 0.999925506391951

image_size
1288 964

LT
-0.0155894188983586 0.114471802483721 -0.0938893555792685

LR
0.0230070791482906 -0.999698565833642 0.00857040134556627
-0.000640811166026701 -0.00858741530703499 -0.999962922142313
0.999735096748191	0.0230007340862046 -0.000838189347295273
